2011,1,1,6,공,4호선,서울역(426),1195
2011,1,2,7,일,4호선,서울역(426),1016
2011,1,3,1,월,4호선,서울역(426),1323
2011,1,4,2,화,4호선,서울역(426),1284
2011,1,5,3,수,4호선,서울역(426),1421
2011,1,6,4,목,4호선,서울역(426),1310
2011,1,7,5,금,4호선,서울역(426),1560
2011,1,8,6,토,4호선,서울역(426),1866
2011,1,9,7,일,4호선,서울역(426),986
2011,1,10,1,월,4호선,서울역(426),1486
2011,1,11,2,화,4호선,서울역(426),1339
2011,1,12,3,수,4호선,서울역(426),1343
2011,1,13,4,목,4호선,서울역(426),1428
2011,1,14,5,금,4호선,서울역(426),1514
2011,1,15,6,토,4호선,서울역(426),1732
2011,1,16,7,일,4호선,서울역(426),922
2011,1,17,1,월,4호선,서울역(426),1409
2011,1,18,2,화,4호선,서울역(426),1268
2011,1,19,3,수,4호선,서울역(426),1389
2011,1,20,4,목,4호선,서울역(426),1310
2011,1,21,5,금,4호선,서울역(426),1454
2011,1,22,6,토,4호선,서울역(426),1699
2011,1,23,7,일,4호선,서울역(426),1136
2011,1,24,1,월,4호선,서울역(426),1608
2011,1,25,2,화,4호선,서울역(426),1396
2011,1,26,3,수,4호선,서울역(426),1328
2011,1,27,4,목,4호선,서울역(426),1542
2011,1,28,5,금,4호선,서울역(426),1526
2011,1,29,6,토,4호선,서울역(426),1390
2011,1,30,7,일,4호선,서울역(426),937
2011,1,31,1,월,4호선,서울역(426),1319
2011,2,1,2,화,4호선,서울역(426),1226
2011,2,2,3,공,4호선,서울역(426),1096
2011,2,3,4,공,4호선,서울역(426),941
2011,2,4,5,공,4호선,서울역(426),968
2011,2,5,6,토,4호선,서울역(426),1108
2011,2,6,7,일,4호선,서울역(426),811
2011,2,7,1,월,4호선,서울역(426),1386
2011,2,8,2,화,4호선,서울역(426),1265
2011,2,9,3,수,4호선,서울역(426),1308
2011,2,10,4,목,4호선,서울역(426),1440
2011,2,11,5,금,4호선,서울역(426),1614
2011,2,12,6,토,4호선,서울역(426),1605
2011,2,13,7,일,4호선,서울역(426),1002
2011,2,14,1,월,4호선,서울역(426),1448
2011,2,15,2,화,4호선,서울역(426),1552
2011,2,16,3,수,4호선,서울역(426),1555
2011,2,17,4,목,4호선,서울역(426),1515
2011,2,18,5,금,4호선,서울역(426),1510
2011,2,19,6,토,4호선,서울역(426),1795
2011,2,20,7,일,4호선,서울역(426),1331
2011,2,21,1,월,4호선,서울역(426),1565
2011,2,22,2,화,4호선,서울역(426),1523
2011,2,23,3,수,4호선,서울역(426),1591
2011,2,24,4,목,4호선,서울역(426),1630
2011,2,25,5,금,4호선,서울역(426),1613
2011,2,26,6,토,4호선,서울역(426),1702
2011,2,27,7,일,4호선,서울역(426),1151
2011,2,28,1,월,4호선,서울역(426),1472
2011,3,1,2,공,4호선,서울역(426),1170
2011,3,2,3,수,4호선,서울역(426),1319
2011,3,3,4,목,4호선,서울역(426),1245
2011,3,4,5,금,4호선,서울역(426),1336
2011,3,5,6,토,4호선,서울역(426),1519
2011,3,6,7,일,4호선,서울역(426),1079
2011,3,7,1,월,4호선,서울역(426),1382
2011,3,8,2,화,4호선,서울역(426),1319
2011,3,9,3,수,4호선,서울역(426),1317
2011,3,10,4,목,4호선,서울역(426),1311
2011,3,11,5,금,4호선,서울역(426),1409
2011,3,12,6,토,4호선,서울역(426),1710
2011,3,13,7,일,4호선,서울역(426),1190
2011,3,14,1,월,4호선,서울역(426),1397
2011,3,15,2,화,4호선,서울역(426),1307
2011,3,16,3,수,4호선,서울역(426),1364
2011,3,17,4,목,4호선,서울역(426),1282
2011,3,18,5,금,4호선,서울역(426),1486
2011,3,19,6,토,4호선,서울역(426),1709
2011,3,20,7,일,4호선,서울역(426),1144
2011,3,21,1,월,4호선,서울역(426),1442
2011,3,22,2,화,4호선,서울역(426),1256
2011,3,23,3,수,4호선,서울역(426),1239
2011,3,24,4,목,4호선,서울역(426),1338
2011,3,25,5,금,4호선,서울역(426),1298
2011,3,26,6,토,4호선,서울역(426),1719
2011,3,27,7,일,4호선,서울역(426),1156
2011,3,28,1,월,4호선,서울역(426),1406
2011,3,29,2,화,4호선,서울역(426),1346
2011,3,30,3,수,4호선,서울역(426),1352
2011,3,31,4,목,4호선,서울역(426),1304
2011,4,1,5,금,4호선,서울역(426),1336
2011,4,2,6,토,4호선,서울역(426),1611
2011,4,3,7,일,4호선,서울역(426),1090
2011,4,4,1,월,4호선,서울역(426),1351
2011,4,5,2,화,4호선,서울역(426),1274
2011,4,6,3,수,4호선,서울역(426),1380
2011,4,7,4,목,4호선,서울역(426),1214
2011,4,8,5,금,4호선,서울역(426),1416
2011,4,9,6,토,4호선,서울역(426),1706
2011,4,10,7,일,4호선,서울역(426),1200
2011,4,11,1,월,4호선,서울역(426),1341
2011,4,12,2,화,4호선,서울역(426),1281
2011,4,13,3,수,4호선,서울역(426),1302
2011,4,14,4,목,4호선,서울역(426),1341
2011,4,15,5,금,4호선,서울역(426),1456
2011,4,16,6,토,4호선,서울역(426),1685
2011,4,17,7,일,4호선,서울역(426),1136
2011,4,18,1,월,4호선,서울역(426),1274
2011,4,19,2,화,4호선,서울역(426),1308
2011,4,20,3,수,4호선,서울역(426),1276
2011,4,21,4,목,4호선,서울역(426),1468
2011,4,22,5,금,4호선,서울역(426),1370
2011,4,23,6,토,4호선,서울역(426),1575
2011,4,24,7,일,4호선,서울역(426),1110
2011,4,25,1,월,4호선,서울역(426),1398
2011,4,26,2,화,4호선,서울역(426),1298
2011,4,27,3,수,4호선,서울역(426),1264
2011,4,28,4,목,4호선,서울역(426),1402
2011,4,29,5,금,4호선,서울역(426),1484
2011,4,30,6,토,4호선,서울역(426),1570
2011,5,1,7,일,4호선,서울역(426),1151
2011,5,2,1,월,4호선,서울역(426),1371
2011,5,3,2,화,4호선,서울역(426),1353
2011,5,4,3,수,4호선,서울역(426),1362
2011,5,5,4,공,4호선,서울역(426),1483
2011,5,6,5,금,4호선,서울역(426),1375
2011,5,7,6,토,4호선,서울역(426),1630
2011,5,8,7,일,4호선,서울역(426),1157
2011,5,9,1,월,4호선,서울역(426),1365
2011,5,10,2,공,4호선,서울역(426),988
2011,5,11,3,수,4호선,서울역(426),1133
2011,5,12,4,목,4호선,서울역(426),1371
2011,5,13,5,금,4호선,서울역(426),1468
2011,5,14,6,토,4호선,서울역(426),1750
2011,5,15,7,일,4호선,서울역(426),1286
2011,5,16,1,월,4호선,서울역(426),1354
2011,5,17,2,화,4호선,서울역(426),1338
2011,5,18,3,수,4호선,서울역(426),1299
2011,5,19,4,목,4호선,서울역(426),1300
2011,5,20,5,금,4호선,서울역(426),1537
2011,5,21,6,토,4호선,서울역(426),1767
2011,5,22,7,일,4호선,서울역(426),1217
2011,5,23,1,월,4호선,서울역(426),1385
2011,5,24,2,화,4호선,서울역(426),1410
2011,5,25,3,수,4호선,서울역(426),1432
2011,5,26,4,목,4호선,서울역(426),1419
2011,5,27,5,금,4호선,서울역(426),1396
2011,5,28,6,토,4호선,서울역(426),1912
2011,5,29,7,일,4호선,서울역(426),1110
2011,5,30,1,월,4호선,서울역(426),1320
2011,5,31,2,화,4호선,서울역(426),1251
2011,6,1,3,수,4호선,서울역(426),1375
2011,6,2,4,목,4호선,서울역(426),1289
2011,6,3,5,금,4호선,서울역(426),1404
2011,6,4,6,토,4호선,서울역(426),1778
2011,6,5,7,일,4호선,서울역(426),1266
2011,6,6,1,공,4호선,서울역(426),1617
2011,6,7,2,화,4호선,서울역(426),1264
2011,6,8,3,수,4호선,서울역(426),1365
2011,6,9,4,목,4호선,서울역(426),1271
2011,6,10,5,금,4호선,서울역(426),1464
2011,6,11,6,토,4호선,서울역(426),1788
2011,6,12,7,일,4호선,서울역(426),1153
2011,6,13,1,월,4호선,서울역(426),1401
2011,6,14,2,화,4호선,서울역(426),1296
2011,6,15,3,수,4호선,서울역(426),1378
2011,6,16,4,목,4호선,서울역(426),1377
2011,6,17,5,금,4호선,서울역(426),1295
2011,6,18,6,토,4호선,서울역(426),1698
2011,6,19,7,일,4호선,서울역(426),1145
2011,6,20,1,월,4호선,서울역(426),1299
2011,6,21,2,화,4호선,서울역(426),1357
2011,6,22,3,수,4호선,서울역(426),1361
2011,6,23,4,목,4호선,서울역(426),1248
2011,6,24,5,금,4호선,서울역(426),1362
2011,6,25,6,토,4호선,서울역(426),1565
2011,6,26,7,일,4호선,서울역(426),954
2011,6,27,1,월,4호선,서울역(426),1375
2011,6,28,2,화,4호선,서울역(426),1382
2011,6,29,3,수,4호선,서울역(426),1242
2011,6,30,4,목,4호선,서울역(426),1271
2011,7,1,5,금,4호선,서울역(426),1485
2011,7,2,6,토,4호선,서울역(426),1604
2011,7,3,7,일,4호선,서울역(426),967
2011,7,4,1,월,4호선,서울역(426),1311
2011,7,5,2,화,4호선,서울역(426),1402
2011,7,6,3,수,4호선,서울역(426),1354
2011,7,7,4,목,4호선,서울역(426),1341
2011,7,8,5,금,4호선,서울역(426),1376
2011,7,9,6,토,4호선,서울역(426),1577
2011,7,10,7,일,4호선,서울역(426),1033
2011,7,11,1,월,4호선,서울역(426),1291
2011,7,12,2,화,4호선,서울역(426),1271
2011,7,13,3,수,4호선,서울역(426),1340
2011,7,14,4,목,4호선,서울역(426),1317
2011,7,15,5,금,4호선,서울역(426),1480
2011,7,16,6,토,4호선,서울역(426),1555
2011,7,17,7,일,4호선,서울역(426),1138
2011,7,18,1,월,4호선,서울역(426),1489
2011,7,19,2,화,4호선,서울역(426),1354
2011,7,20,3,수,4호선,서울역(426),1396
2011,7,21,4,목,4호선,서울역(426),1378
2011,7,22,5,금,4호선,서울역(426),1548
2011,7,23,6,토,4호선,서울역(426),1677
2011,7,24,7,일,4호선,서울역(426),987
2011,7,25,1,월,4호선,서울역(426),1410
2011,7,26,2,화,4호선,서울역(426),1325
2011,7,27,3,수,4호선,서울역(426),1453
2011,7,28,4,목,4호선,서울역(426),1333
2011,7,29,5,금,4호선,서울역(426),1544
2011,7,30,6,토,4호선,서울역(426),1652
2011,7,31,7,일,4호선,서울역(426),1021
2011,8,1,1,월,4호선,서울역(426),1504
2011,8,2,2,화,4호선,서울역(426),1570
2011,8,3,3,수,4호선,서울역(426),1502
2011,8,4,4,목,4호선,서울역(426),1389
2011,8,5,5,금,4호선,서울역(426),1566
2011,8,6,6,토,4호선,서울역(426),1648
2011,8,7,7,일,4호선,서울역(426),1151
2011,8,8,1,월,4호선,서울역(426),1340
2011,8,9,2,화,4호선,서울역(426),1404
2011,8,10,3,수,4호선,서울역(426),1500
2011,8,11,4,목,4호선,서울역(426),1511
2011,8,12,5,금,4호선,서울역(426),1430
2011,8,13,6,토,4호선,서울역(426),1792
2011,8,14,7,일,4호선,서울역(426),1097
2011,8,15,1,공,4호선,서울역(426),1288
2011,8,16,2,화,4호선,서울역(426),1367
2011,8,17,3,수,4호선,서울역(426),1353
2011,8,18,4,목,4호선,서울역(426),1548
2011,8,19,5,금,4호선,서울역(426),1476
2011,8,20,6,토,4호선,서울역(426),1606
2011,8,21,7,일,4호선,서울역(426),1180
2011,8,22,1,월,4호선,서울역(426),1528
2011,8,23,2,화,4호선,서울역(426),1416
2011,8,24,3,수,4호선,서울역(426),1412
2011,8,25,4,목,4호선,서울역(426),1371
2011,8,26,5,금,4호선,서울역(426),1374
2011,8,27,6,토,4호선,서울역(426),1651
2011,8,28,7,일,4호선,서울역(426),1185
2011,8,29,1,월,4호선,서울역(426),1289
2011,8,30,2,화,4호선,서울역(426),1362
2011,8,31,3,수,4호선,서울역(426),1289
2011,9,1,4,목,4호선,서울역(426),1321
2011,9,2,5,금,4호선,서울역(426),1377
2011,9,3,6,토,4호선,서울역(426),1783
2011,9,4,7,일,4호선,서울역(426),1049
2011,9,5,1,월,4호선,서울역(426),1368
2011,9,6,2,화,4호선,서울역(426),1364
2011,9,7,3,수,4호선,서울역(426),1416
2011,9,8,4,목,4호선,서울역(426),1403
2011,9,9,5,금,4호선,서울역(426),1393
2011,9,10,6,토,4호선,서울역(426),1223
2011,9,11,7,공,4호선,서울역(426),1012
2011,9,12,1,공,4호선,서울역(426),1127
2011,9,13,2,공,4호선,서울역(426),965
2011,9,14,3,수,4호선,서울역(426),1307
2011,9,15,4,목,4호선,서울역(426),1208
2011,9,16,5,금,4호선,서울역(426),1255
2011,9,17,6,토,4호선,서울역(426),1590
2011,9,18,7,일,4호선,서울역(426),1108
2011,9,19,1,월,4호선,서울역(426),1295
2011,9,20,2,화,4호선,서울역(426),1345
2011,9,21,3,수,4호선,서울역(426),1321
2011,9,22,4,목,4호선,서울역(426),1499
2011,9,23,5,금,4호선,서울역(426),1498
2011,9,24,6,토,4호선,서울역(426),1813
2011,9,25,7,일,4호선,서울역(426),1270
2011,9,26,1,월,4호선,서울역(426),1418
2011,9,27,2,화,4호선,서울역(426),1342
2011,9,28,3,수,4호선,서울역(426),1396
2011,9,29,4,목,4호선,서울역(426),1334
2011,9,30,5,금,4호선,서울역(426),1462
2011,10,1,6,토,4호선,서울역(426),2141
2011,10,2,7,일,4호선,서울역(426),1301
2011,10,3,1,공,4호선,서울역(426),1482
2011,10,4,2,화,4호선,서울역(426),1294
2011,10,5,3,수,4호선,서울역(426),1257
2011,10,6,4,목,4호선,서울역(426),1442
2011,10,7,5,금,4호선,서울역(426),1435
2011,10,8,6,토,4호선,서울역(426),1652
2011,10,9,7,일,4호선,서울역(426),1182
2011,10,10,1,월,4호선,서울역(426),1302
2011,10,11,2,화,4호선,서울역(426),1361
2011,10,12,3,수,4호선,서울역(426),1399
2011,10,13,4,목,4호선,서울역(426),1458
2011,10,14,5,금,4호선,서울역(426),1432
2011,10,15,6,토,4호선,서울역(426),1793
2011,10,16,7,일,4호선,서울역(426),1114
2011,10,17,1,월,4호선,서울역(426),1329
2011,10,18,2,화,4호선,서울역(426),1403
2011,10,19,3,수,4호선,서울역(426),1272
2011,10,20,4,목,4호선,서울역(426),1372
2011,10,21,5,금,4호선,서울역(426),1669
2011,10,22,6,토,4호선,서울역(426),1866
2011,10,23,7,일,4호선,서울역(426),1215
2011,10,24,1,월,4호선,서울역(426),1336
2011,10,25,2,화,4호선,서울역(426),1382
2011,10,26,3,수,4호선,서울역(426),1297
2011,10,27,4,목,4호선,서울역(426),1331
2011,10,28,5,금,4호선,서울역(426),1375
2011,10,29,6,토,4호선,서울역(426),1651
2011,10,30,7,일,4호선,서울역(426),1104
2011,10,31,1,월,4호선,서울역(426),1356
2011,11,1,2,화,4호선,서울역(426),1353
2011,11,2,3,수,4호선,서울역(426),1234
2011,11,3,4,목,4호선,서울역(426),1359
2011,11,4,5,금,4호선,서울역(426),1491
2011,11,5,6,토,4호선,서울역(426),1640
2011,11,6,7,일,4호선,서울역(426),1215
2011,11,7,1,월,4호선,서울역(426),1316
2011,11,8,2,화,4호선,서울역(426),1288
2011,11,9,3,수,4호선,서울역(426),1449
2011,11,10,4,목,4호선,서울역(426),1437
2011,11,11,5,금,4호선,서울역(426),1602
2011,11,12,6,토,4호선,서울역(426),1937
2011,11,13,7,일,4호선,서울역(426),1594
2011,11,14,1,월,4호선,서울역(426),1368
2011,11,15,2,화,4호선,서울역(426),1336
2011,11,16,3,수,4호선,서울역(426),1290
2011,11,17,4,목,4호선,서울역(426),1317
2011,11,18,5,금,4호선,서울역(426),1426
2011,11,19,6,토,4호선,서울역(426),2057
2011,11,20,7,일,4호선,서울역(426),1542
2011,11,21,1,월,4호선,서울역(426),1353
2011,11,22,2,화,4호선,서울역(426),1417
2011,11,23,3,수,4호선,서울역(426),1337
2011,11,24,4,목,4호선,서울역(426),1372
2011,11,25,5,금,4호선,서울역(426),1484
2011,11,26,6,토,4호선,서울역(426),1846
2011,11,27,7,일,4호선,서울역(426),1212
2011,11,28,1,월,4호선,서울역(426),1429
2011,11,29,2,화,4호선,서울역(426),1448
2011,11,30,3,수,4호선,서울역(426),1391
2011,12,1,4,목,4호선,서울역(426),1233
2011,12,2,5,금,4호선,서울역(426),1410
2011,12,3,6,토,4호선,서울역(426),1654
2011,12,4,7,일,4호선,서울역(426),1092
2011,12,5,1,월,4호선,서울역(426),1408
2011,12,6,2,화,4호선,서울역(426),1357
2011,12,7,3,수,4호선,서울역(426),1431
2011,12,8,4,목,4호선,서울역(426),1368
2011,12,9,5,금,4호선,서울역(426),1454
2011,12,10,6,토,4호선,서울역(426),1792
2011,12,11,7,일,4호선,서울역(426),1218
2011,12,12,1,월,4호선,서울역(426),1316
2011,12,13,2,화,4호선,서울역(426),1331
2011,12,14,3,수,4호선,서울역(426),1503
2011,12,15,4,목,4호선,서울역(426),1323
2011,12,16,5,금,4호선,서울역(426),1492
2011,12,17,6,토,4호선,서울역(426),1730
2011,12,18,7,일,4호선,서울역(426),1236
2011,12,19,1,월,4호선,서울역(426),1455
2011,12,20,2,화,4호선,서울역(426),1504
2011,12,21,3,수,4호선,서울역(426),1517
2011,12,22,4,목,4호선,서울역(426),1368
2011,12,23,5,금,4호선,서울역(426),1487
2011,12,24,6,토,4호선,서울역(426),1750
2011,12,25,7,공,4호선,서울역(426),1179
2011,12,26,1,월,4호선,서울역(426),1438
2011,12,27,2,화,4호선,서울역(426),1422
2011,12,28,3,수,4호선,서울역(426),1549
2011,12,29,4,목,4호선,서울역(426),1479
2011,12,30,5,금,4호선,서울역(426),1574
2011,12,31,6,토,4호선,서울역(426),1399
2012,1,1,7,공,4호선,서울역(426),971
2012,1,2,1,월,4호선,서울역(426),1334
2012,1,3,2,화,4호선,서울역(426),1386
2012,1,4,3,수,4호선,서울역(426),1451
2012,1,5,4,목,4호선,서울역(426),1364
2012,1,6,5,금,4호선,서울역(426),1517
2012,1,7,6,토,4호선,서울역(426),1628
2012,1,8,7,일,4호선,서울역(426),1138
2012,1,9,1,월,4호선,서울역(426),1463
2012,1,10,2,화,4호선,서울역(426),1295
2012,1,11,3,수,4호선,서울역(426),1468
2012,1,12,4,목,4호선,서울역(426),1496
2012,1,13,5,금,4호선,서울역(426),1431
2012,1,14,6,토,4호선,서울역(426),1799
2012,1,15,7,일,4호선,서울역(426),1206
2012,1,16,1,월,4호선,서울역(426),1470
2012,1,17,2,화,4호선,서울역(426),1559
2012,1,18,3,수,4호선,서울역(426),1559
2012,1,19,4,목,4호선,서울역(426),1487
2012,1,20,5,금,4호선,서울역(426),1446
2012,1,21,6,토,4호선,서울역(426),1104
2012,1,22,7,공,4호선,서울역(426),959
2012,1,23,1,공,4호선,서울역(426),866
2012,1,24,2,공,4호선,서울역(426),817
2012,1,25,3,수,4호선,서울역(426),1166
2012,1,26,4,목,4호선,서울역(426),1348
2012,1,27,5,금,4호선,서울역(426),1722
2012,1,28,6,토,4호선,서울역(426),1543
2012,1,29,7,일,4호선,서울역(426),1017
2012,1,30,1,월,4호선,서울역(426),1458
2012,1,31,2,화,4호선,서울역(426),1369
2012,2,1,3,수,4호선,서울역(426),1307
2012,2,2,4,목,4호선,서울역(426),1670
2012,2,3,5,금,4호선,서울역(426),1364
2012,2,4,6,토,4호선,서울역(426),1514
2012,2,5,7,일,4호선,서울역(426),1027
2012,2,6,1,월,4호선,서울역(426),1341
2012,2,7,2,화,4호선,서울역(426),1333
2012,2,8,3,수,4호선,서울역(426),1364
2012,2,9,4,목,4호선,서울역(426),1200
2012,2,10,5,금,4호선,서울역(426),1401
2012,2,11,6,토,4호선,서울역(426),1693
2012,2,12,7,일,4호선,서울역(426),1188
2012,2,13,1,월,4호선,서울역(426),1348
2012,2,14,2,화,4호선,서울역(426),1403
2012,2,15,3,수,4호선,서울역(426),1394
2012,2,16,4,목,4호선,서울역(426),1419
2012,2,17,5,금,4호선,서울역(426),1558
2012,2,18,6,토,4호선,서울역(426),1578
2012,2,19,7,일,4호선,서울역(426),1121
2012,2,20,1,월,4호선,서울역(426),1486
2012,2,21,2,화,4호선,서울역(426),1410
2012,2,22,3,수,4호선,서울역(426),1505
2012,2,23,4,목,4호선,서울역(426),1524
2012,2,24,5,금,4호선,서울역(426),1760
2012,2,25,6,토,4호선,서울역(426),1819
2012,2,26,7,일,4호선,서울역(426),1231
2012,2,27,1,월,4호선,서울역(426),1597
2012,2,28,2,화,4호선,서울역(426),1540
2012,2,29,3,수,4호선,서울역(426),1561
2012,3,1,4,공,4호선,서울역(426),1316
2012,3,2,5,금,4호선,서울역(426),1370
2012,3,3,6,토,4호선,서울역(426),1596
2012,3,4,7,일,4호선,서울역(426),1132
2012,3,5,1,월,4호선,서울역(426),1339
2012,3,6,2,화,4호선,서울역(426),1294
2012,3,7,3,수,4호선,서울역(426),1360
2012,3,8,4,목,4호선,서울역(426),1333
2012,3,9,5,금,4호선,서울역(426),1406
2012,3,10,6,토,4호선,서울역(426),1665
2012,3,11,7,일,4호선,서울역(426),1125
2012,3,12,1,월,4호선,서울역(426),1305
2012,3,13,2,화,4호선,서울역(426),1253
2012,3,14,3,수,4호선,서울역(426),1341
2012,3,15,4,목,4호선,서울역(426),1296
2012,3,16,5,금,4호선,서울역(426),1408
2012,3,17,6,토,4호선,서울역(426),1651
2012,3,18,7,일,4호선,서울역(426),1187
2012,3,19,1,월,4호선,서울역(426),1329
2012,3,20,2,화,4호선,서울역(426),1359
2012,3,21,3,수,4호선,서울역(426),1457
2012,3,22,4,목,4호선,서울역(426),1373
2012,3,23,5,금,4호선,서울역(426),1413
2012,3,24,6,토,4호선,서울역(426),1696
2012,3,25,7,일,4호선,서울역(426),1127
2012,3,26,1,월,4호선,서울역(426),1397
2012,3,27,2,화,4호선,서울역(426),1322
2012,3,28,3,수,4호선,서울역(426),1269
2012,3,29,4,목,4호선,서울역(426),1291
2012,3,30,5,금,4호선,서울역(426),1469
2012,3,31,6,토,4호선,서울역(426),1612
2012,4,1,7,일,4호선,서울역(426),1223
2012,4,2,1,월,4호선,서울역(426),1307
2012,4,3,2,화,4호선,서울역(426),1204
2012,4,4,3,수,4호선,서울역(426),1286
2012,4,5,4,목,4호선,서울역(426),1354
2012,4,6,5,금,4호선,서울역(426),1325
2012,4,7,6,토,4호선,서울역(426),1805
2012,4,8,7,일,4호선,서울역(426),1036
2012,4,9,1,월,4호선,서울역(426),1333
2012,4,10,2,화,4호선,서울역(426),1335
2012,4,11,3,공,4호선,서울역(426),1160
2012,4,12,4,목,4호선,서울역(426),1408
2012,4,13,5,금,4호선,서울역(426),1343
2012,4,14,6,토,4호선,서울역(426),1602
2012,4,15,7,일,4호선,서울역(426),1189
2012,4,16,1,월,4호선,서울역(426),1330
2012,4,17,2,화,4호선,서울역(426),1347
2012,4,18,3,수,4호선,서울역(426),1340
2012,4,19,4,목,4호선,서울역(426),1393
2012,4,20,5,금,4호선,서울역(426),1403
2012,4,21,6,토,4호선,서울역(426),1474
2012,4,22,7,일,4호선,서울역(426),972
2012,4,23,1,월,4호선,서울역(426),1422
2012,4,24,2,화,4호선,서울역(426),1386
2012,4,25,3,수,4호선,서울역(426),1324
2012,4,26,4,목,4호선,서울역(426),1362
2012,4,27,5,금,4호선,서울역(426),1479
2012,4,28,6,토,4호선,서울역(426),1653
2012,4,29,7,일,4호선,서울역(426),1120
2012,4,30,1,월,4호선,서울역(426),1354
2012,5,1,2,화,4호선,서울역(426),1139
2012,5,2,3,수,4호선,서울역(426),1419
2012,5,3,4,목,4호선,서울역(426),1311
2012,5,4,5,금,4호선,서울역(426),1570
2012,5,5,6,공,4호선,서울역(426),1534
2012,5,6,7,일,4호선,서울역(426),1267
2012,5,7,1,월,4호선,서울역(426),1384
2012,5,8,2,화,4호선,서울역(426),1306
2012,5,9,3,수,4호선,서울역(426),1402
2012,5,10,4,목,4호선,서울역(426),1439
2012,5,11,5,금,4호선,서울역(426),1515
2012,5,12,6,토,4호선,서울역(426),1852
2012,5,13,7,일,4호선,서울역(426),1289
2012,5,14,1,월,4호선,서울역(426),1324
2012,5,15,2,화,4호선,서울역(426),1251
2012,5,16,3,수,4호선,서울역(426),1293
2012,5,17,4,목,4호선,서울역(426),1287
2012,5,18,5,금,4호선,서울역(426),1463
2012,5,19,6,토,4호선,서울역(426),1872
2012,5,20,7,일,4호선,서울역(426),1172
2012,5,21,1,월,4호선,서울역(426),1421
2012,5,22,2,화,4호선,서울역(426),1444
2012,5,23,3,수,4호선,서울역(426),1417
2012,5,24,4,목,4호선,서울역(426),1334
2012,5,25,5,금,4호선,서울역(426),1372
2012,5,26,6,토,4호선,서울역(426),1911
2012,5,27,7,일,4호선,서울역(426),1335
2012,5,28,1,공,4호선,서울역(426),1266
2012,5,29,2,화,4호선,서울역(426),1315
2012,5,30,3,수,4호선,서울역(426),1278
2012,5,31,4,목,4호선,서울역(426),1327
2012,6,1,5,금,4호선,서울역(426),1395
2012,6,2,6,토,4호선,서울역(426),1654
2012,6,3,7,일,4호선,서울역(426),1136
2012,6,4,1,월,4호선,서울역(426),1265
2012,6,5,2,화,4호선,서울역(426),1323
2012,6,6,3,공,4호선,서울역(426),1466
2012,6,7,4,목,4호선,서울역(426),1324
2012,6,8,5,금,4호선,서울역(426),1349
2012,6,9,6,토,4호선,서울역(426),1661
2012,6,10,7,일,4호선,서울역(426),1106
2012,6,11,1,월,4호선,서울역(426),1392
2012,6,12,2,화,4호선,서울역(426),1610
2012,6,13,3,수,4호선,서울역(426),1416
2012,6,14,4,목,4호선,서울역(426),1347
2012,6,15,5,금,4호선,서울역(426),1310
2012,6,16,6,토,4호선,서울역(426),1536
2012,6,17,7,일,4호선,서울역(426),1049
2012,6,18,1,월,4호선,서울역(426),1385
2012,6,19,2,화,4호선,서울역(426),1321
2012,6,20,3,수,4호선,서울역(426),1473
2012,6,21,4,목,4호선,서울역(426),1250
2012,6,22,5,금,4호선,서울역(426),1386
2012,6,23,6,토,4호선,서울역(426),1595
2012,6,24,7,일,4호선,서울역(426),1095
2012,6,25,1,월,4호선,서울역(426),1419
2012,6,26,2,화,4호선,서울역(426),1238
2012,6,27,3,수,4호선,서울역(426),1290
2012,6,28,4,목,4호선,서울역(426),1336
2012,6,29,5,금,4호선,서울역(426),1470
2012,6,30,6,토,4호선,서울역(426),1281
2012,7,1,7,일,4호선,서울역(426),1028
2012,7,2,1,월,4호선,서울역(426),1224
2012,7,3,2,화,4호선,서울역(426),1322
2012,7,4,3,수,4호선,서울역(426),1371
2012,7,5,4,목,4호선,서울역(426),1259
2012,7,6,5,금,4호선,서울역(426),1364
2012,7,7,6,토,4호선,서울역(426),1559
2012,7,8,7,일,4호선,서울역(426),1025
2012,7,9,1,월,4호선,서울역(426),1364
2012,7,10,2,화,4호선,서울역(426),1295
2012,7,11,3,수,4호선,서울역(426),1265
2012,7,12,4,목,4호선,서울역(426),1357
2012,7,13,5,금,4호선,서울역(426),1364
2012,7,14,6,토,4호선,서울역(426),1467
2012,7,15,7,일,4호선,서울역(426),1017
2012,7,16,1,월,4호선,서울역(426),1278
2012,7,17,2,화,4호선,서울역(426),1185
2012,7,18,3,수,4호선,서울역(426),1237
2012,7,19,4,목,4호선,서울역(426),1247
2012,7,20,5,금,4호선,서울역(426),1302
2012,7,21,6,토,4호선,서울역(426),1699
2012,7,22,7,일,4호선,서울역(426),998
2012,7,23,1,월,4호선,서울역(426),1285
2012,7,24,2,화,4호선,서울역(426),1281
2012,7,25,3,수,4호선,서울역(426),1232
2012,7,26,4,목,4호선,서울역(426),1358
2012,7,27,5,금,4호선,서울역(426),1485
2012,7,28,6,토,4호선,서울역(426),1479
2012,7,29,7,일,4호선,서울역(426),919
2012,7,30,1,월,4호선,서울역(426),1424
2012,7,31,2,화,4호선,서울역(426),1336
2012,8,1,3,수,4호선,서울역(426),1443
2012,8,2,4,목,4호선,서울역(426),1436
2012,8,3,5,금,4호선,서울역(426),1447
2012,8,4,6,토,4호선,서울역(426),1415
2012,8,5,7,일,4호선,서울역(426),882
2012,8,6,1,월,4호선,서울역(426),1328
2012,8,7,2,화,4호선,서울역(426),1221
2012,8,8,3,수,4호선,서울역(426),1162
2012,8,9,4,목,4호선,서울역(426),1294
2012,8,10,5,금,4호선,서울역(426),1505
2012,8,11,6,토,4호선,서울역(426),1487
2012,8,12,7,일,4호선,서울역(426),1058
2012,8,13,1,월,4호선,서울역(426),1286
2012,8,14,2,화,4호선,서울역(426),1443
2012,8,15,3,공,4호선,서울역(426),1077
2012,8,16,4,목,4호선,서울역(426),1348
2012,8,17,5,금,4호선,서울역(426),1499
2012,8,18,6,토,4호선,서울역(426),1419
2012,8,19,7,일,4호선,서울역(426),980
2012,8,20,1,월,4호선,서울역(426),1299
2012,8,21,2,화,4호선,서울역(426),1262
2012,8,22,3,수,4호선,서울역(426),1299
2012,8,23,4,목,4호선,서울역(426),1357
2012,8,24,5,금,4호선,서울역(426),1436
2012,8,25,6,토,4호선,서울역(426),1498
2012,8,26,7,일,4호선,서울역(426),1022
2012,8,27,1,월,4호선,서울역(426),1256
2012,8,28,2,화,4호선,서울역(426),845
2012,8,29,3,수,4호선,서울역(426),1202
2012,8,30,4,목,4호선,서울역(426),1173
2012,8,31,5,금,4호선,서울역(426),1243
2012,9,1,6,토,4호선,서울역(426),1557
2012,9,2,7,일,4호선,서울역(426),1049
2012,9,3,1,월,4호선,서울역(426),1190
2012,9,4,2,화,4호선,서울역(426),1264
2012,9,5,3,수,4호선,서울역(426),1231
2012,9,6,4,목,4호선,서울역(426),1364
2012,9,7,5,금,4호선,서울역(426),1428
2012,9,8,6,토,4호선,서울역(426),1465
2012,9,9,7,일,4호선,서울역(426),1001
2012,9,10,1,월,4호선,서울역(426),1350
2012,9,11,2,화,4호선,서울역(426),1301
2012,9,12,3,수,4호선,서울역(426),1249
2012,9,13,4,목,4호선,서울역(426),1217
2012,9,14,5,금,4호선,서울역(426),1357
2012,9,15,6,토,4호선,서울역(426),1551
2012,9,16,7,일,4호선,서울역(426),1061
2012,9,17,1,월,4호선,서울역(426),1114
2012,9,18,2,화,4호선,서울역(426),1164
2012,9,19,3,수,4호선,서울역(426),1290
2012,9,20,4,목,4호선,서울역(426),1282
2012,9,21,5,금,4호선,서울역(426),1453
2012,9,22,6,토,4호선,서울역(426),1546
2012,9,23,7,일,4호선,서울역(426),1078
2012,9,24,1,월,4호선,서울역(426),1259
2012,9,25,2,화,4호선,서울역(426),1275
2012,9,26,3,수,4호선,서울역(426),1234
2012,9,27,4,목,4호선,서울역(426),1251
2012,9,28,5,금,4호선,서울역(426),1248
2012,9,29,6,공,4호선,서울역(426),1237
2012,9,30,7,공,4호선,서울역(426),1027
2012,10,1,1,공,4호선,서울역(426),1004
2012,10,2,2,화,4호선,서울역(426),1209
2012,10,3,3,공,4호선,서울역(426),1039
2012,10,4,4,목,4호선,서울역(426),1130
2012,10,5,5,금,4호선,서울역(426),1361
2012,10,6,6,토,4호선,서울역(426),1523
2012,10,7,7,일,4호선,서울역(426),1041
2012,10,8,1,월,4호선,서울역(426),1227
2012,10,9,2,화,4호선,서울역(426),1349
2012,10,10,3,수,4호선,서울역(426),1299
2012,10,11,4,목,4호선,서울역(426),1280
2012,10,12,5,금,4호선,서울역(426),1518
2012,10,13,6,토,4호선,서울역(426),1713
2012,10,14,7,일,4호선,서울역(426),1319
2012,10,15,1,월,4호선,서울역(426),1242
2012,10,16,2,화,4호선,서울역(426),1291
2012,10,17,3,수,4호선,서울역(426),1268
2012,10,18,4,목,4호선,서울역(426),1306
2012,10,19,5,금,4호선,서울역(426),1444
2012,10,20,6,토,4호선,서울역(426),1674
2012,10,21,7,일,4호선,서울역(426),1199
2012,10,22,1,월,4호선,서울역(426),1078
2012,10,23,2,화,4호선,서울역(426),1277
2012,10,24,3,수,4호선,서울역(426),1308
2012,10,25,4,목,4호선,서울역(426),1388
2012,10,26,5,금,4호선,서울역(426),1473
2012,10,27,6,토,4호선,서울역(426),1615
2012,10,28,7,일,4호선,서울역(426),1244
2012,10,29,1,월,4호선,서울역(426),1296
2012,10,30,2,화,4호선,서울역(426),1213
2012,10,31,3,수,4호선,서울역(426),1222
2012,11,1,4,목,4호선,서울역(426),1321
2012,11,2,5,금,4호선,서울역(426),1346
2012,11,3,6,토,4호선,서울역(426),1604
2012,11,4,7,일,4호선,서울역(426),1094
2012,11,5,1,월,4호선,서울역(426),1250
2012,11,6,2,화,4호선,서울역(426),1235
2012,11,7,3,수,4호선,서울역(426),1364
2012,11,8,4,목,4호선,서울역(426),1337
2012,11,9,5,금,4호선,서울역(426),1502
2012,11,10,6,토,4호선,서울역(426),1596
2012,11,11,7,일,4호선,서울역(426),1066
2012,11,12,1,월,4호선,서울역(426),1279
2012,11,13,2,화,4호선,서울역(426),1281
2012,11,14,3,수,4호선,서울역(426),1219
2012,11,15,4,목,4호선,서울역(426),1321
2012,11,16,5,금,4호선,서울역(426),1428
2012,11,17,6,토,4호선,서울역(426),1648
2012,11,18,7,일,4호선,서울역(426),1381
2012,11,19,1,월,4호선,서울역(426),1171
2012,11,20,2,화,4호선,서울역(426),1362
2012,11,21,3,수,4호선,서울역(426),1286
2012,11,22,4,목,4호선,서울역(426),1341
2012,11,23,5,금,4호선,서울역(426),1549
2012,11,24,6,토,4호선,서울역(426),1602
2012,11,25,7,일,4호선,서울역(426),1196
2012,11,26,1,월,4호선,서울역(426),1302
2012,11,27,2,화,4호선,서울역(426),1206
2012,11,28,3,수,4호선,서울역(426),1223
2012,11,29,4,목,4호선,서울역(426),1290
2012,11,30,5,금,4호선,서울역(426),1343
2012,12,1,6,토,4호선,서울역(426),1421
2012,12,2,7,일,4호선,서울역(426),1028
2012,12,3,1,월,4호선,서울역(426),1216
2012,12,4,2,화,4호선,서울역(426),1229
2012,12,5,3,수,4호선,서울역(426),1277
2012,12,6,4,목,4호선,서울역(426),1378
2012,12,7,5,금,4호선,서울역(426),1577
2012,12,8,6,토,4호선,서울역(426),1559
2012,12,9,7,일,4호선,서울역(426),1143
2012,12,10,1,월,4호선,서울역(426),1257
2012,12,11,2,화,4호선,서울역(426),1235
2012,12,12,3,수,4호선,서울역(426),1385
2012,12,13,4,목,4호선,서울역(426),1298
2012,12,14,5,금,4호선,서울역(426),1511
2012,12,15,6,토,4호선,서울역(426),1689
2012,12,16,7,일,4호선,서울역(426),1162
2012,12,17,1,월,4호선,서울역(426),1366
2012,12,18,2,화,4호선,서울역(426),1380
2012,12,19,3,공,4호선,서울역(426),1085
2012,12,20,4,목,4호선,서울역(426),1486
2012,12,21,5,금,4호선,서울역(426),1568
2012,12,22,6,토,4호선,서울역(426),1593
2012,12,23,7,일,4호선,서울역(426),1153
2012,12,24,1,월,4호선,서울역(426),1351
2012,12,25,2,공,4호선,서울역(426),976
2012,12,26,3,수,4호선,서울역(426),1280
2012,12,27,4,목,4호선,서울역(426),1469
2012,12,28,5,금,4호선,서울역(426),1566
2012,12,29,6,토,4호선,서울역(426),1584
2012,12,30,7,일,4호선,서울역(426),1080
2012,12,31,1,월,4호선,서울역(426),1289
2013,1,1,2,공,4호선,서울역(426),962
2013,1,2,3,수,4호선,서울역(426),1313
2013,1,3,4,목,4호선,서울역(426),1278
2013,1,4,5,금,4호선,서울역(426),1377
2013,1,5,6,토,4호선,서울역(426),1365
2013,1,6,7,일,4호선,서울역(426),976
2013,1,7,1,월,4호선,서울역(426),1234
2013,1,8,2,화,4호선,서울역(426),1297
2013,1,9,3,수,4호선,서울역(426),1322
2013,1,10,4,목,4호선,서울역(426),1339
2013,1,11,5,금,4호선,서울역(426),1265
2013,1,12,6,토,4호선,서울역(426),1394
2013,1,13,7,일,4호선,서울역(426),1108
2013,1,14,1,월,4호선,서울역(426),1457
2013,1,15,2,화,4호선,서울역(426),1403
2013,1,16,3,수,4호선,서울역(426),1360
2013,1,17,4,목,4호선,서울역(426),1432
2013,1,18,5,금,4호선,서울역(426),1577
2013,1,19,6,토,4호선,서울역(426),1884
2013,1,20,7,일,4호선,서울역(426),1257
2013,1,21,1,월,4호선,서울역(426),1331
2013,1,22,2,화,4호선,서울역(426),1440
2013,1,23,3,수,4호선,서울역(426),1408
2013,1,24,4,목,4호선,서울역(426),1463
2013,1,25,5,금,4호선,서울역(426),1379
2013,1,26,6,토,4호선,서울역(426),1507
2013,1,27,7,일,4호선,서울역(426),1040
2013,1,28,1,월,4호선,서울역(426),1404
2013,1,29,2,화,4호선,서울역(426),1380
2013,1,30,3,수,4호선,서울역(426),1398
2013,1,31,4,목,4호선,서울역(426),1302
2013,2,1,5,금,4호선,서울역(426),1396
2013,2,2,6,토,4호선,서울역(426),1483
2013,2,3,7,일,4호선,서울역(426),1018
2013,2,4,1,월,4호선,서울역(426),1453
2013,2,5,2,화,4호선,서울역(426),1485
2013,2,6,3,수,4호선,서울역(426),1432
2013,2,7,4,목,4호선,서울역(426),1347
2013,2,8,5,금,4호선,서울역(426),1332
2013,2,9,6,공,4호선,서울역(426),917
2013,2,10,7,공,4호선,서울역(426),856
2013,2,11,1,공,4호선,서울역(426),933
2013,2,12,2,화,4호선,서울역(426),1226
2013,2,13,3,수,4호선,서울역(426),1261
2013,2,14,4,목,4호선,서울역(426),1370
2013,2,15,5,금,4호선,서울역(426),1516
2013,2,16,6,토,4호선,서울역(426),1548
2013,2,17,7,일,4호선,서울역(426),1039
2013,2,18,1,월,4호선,서울역(426),1399
2013,2,19,2,화,4호선,서울역(426),1440
2013,2,20,3,수,4호선,서울역(426),1331
2013,2,21,4,목,4호선,서울역(426),1449
2013,2,22,5,금,4호선,서울역(426),1481
2013,2,23,6,토,4호선,서울역(426),1558
2013,2,24,7,일,4호선,서울역(426),1111
2013,2,25,1,월,4호선,서울역(426),1482
2013,2,26,2,화,4호선,서울역(426),1403
2013,2,27,3,수,4호선,서울역(426),1392
2013,2,28,4,목,4호선,서울역(426),1556
2013,3,1,5,공,4호선,서울역(426),1648
2013,3,2,6,토,4호선,서울역(426),1347
2013,3,3,7,일,4호선,서울역(426),1093
2013,3,4,1,월,4호선,서울역(426),1253
2013,3,5,2,화,4호선,서울역(426),1292
2013,3,6,3,수,4호선,서울역(426),1321
2013,3,7,4,목,4호선,서울역(426),1255
2013,3,8,5,금,4호선,서울역(426),1305
2013,3,9,6,토,4호선,서울역(426),1484
2013,3,10,7,일,4호선,서울역(426),1109
2013,3,11,1,월,4호선,서울역(426),1315
2013,3,12,2,화,4호선,서울역(426),1241
2013,3,13,3,수,4호선,서울역(426),1322
2013,3,14,4,목,4호선,서울역(426),1324
2013,3,15,5,금,4호선,서울역(426),1376
2013,3,16,6,토,4호선,서울역(426),1478
2013,3,17,7,일,4호선,서울역(426),1250
2013,3,18,1,월,4호선,서울역(426),1260
2013,3,19,2,화,4호선,서울역(426),1220
2013,3,20,3,수,4호선,서울역(426),1195
2013,3,21,4,목,4호선,서울역(426),1321
2013,3,22,5,금,4호선,서울역(426),1371
2013,3,23,6,토,4호선,서울역(426),1582
2013,3,24,7,일,4호선,서울역(426),1129
2013,3,25,1,월,4호선,서울역(426),1342
2013,3,26,2,화,4호선,서울역(426),1330
2013,3,27,3,수,4호선,서울역(426),1326
2013,3,28,4,목,4호선,서울역(426),1240
2013,3,29,5,금,4호선,서울역(426),1367
2013,3,30,6,토,4호선,서울역(426),1669
2013,3,31,7,일,4호선,서울역(426),1222
2013,4,1,1,월,4호선,서울역(426),1260
2013,4,2,2,화,4호선,서울역(426),1249
2013,4,3,3,수,4호선,서울역(426),1390
2013,4,4,4,목,4호선,서울역(426),1324
2013,4,5,5,금,4호선,서울역(426),1442
2013,4,6,6,토,4호선,서울역(426),1474
2013,4,7,7,일,4호선,서울역(426),1077
2013,4,8,1,월,4호선,서울역(426),1235
2013,4,9,2,화,4호선,서울역(426),1221
2013,4,10,3,수,4호선,서울역(426),1221
2013,4,11,4,목,4호선,서울역(426),1356
2013,4,12,5,금,4호선,서울역(426),1325
2013,4,13,6,토,4호선,서울역(426),1684
2013,4,14,7,일,4호선,서울역(426),1047
2013,4,15,1,월,4호선,서울역(426),1317
2013,4,16,2,화,4호선,서울역(426),1234
2013,4,17,3,수,4호선,서울역(426),1325
2013,4,18,4,목,4호선,서울역(426),1195
2013,4,19,5,금,4호선,서울역(426),1399
2013,4,20,6,토,4호선,서울역(426),1305
2013,4,21,7,일,4호선,서울역(426),1117
2013,4,22,1,월,4호선,서울역(426),1131
2013,4,23,2,화,4호선,서울역(426),1177
2013,4,24,3,수,4호선,서울역(426),1216
2013,4,25,4,목,4호선,서울역(426),1303
2013,4,26,5,금,4호선,서울역(426),1366
2013,4,27,6,토,4호선,서울역(426),1494
2013,4,28,7,일,4호선,서울역(426),1114
2013,4,29,1,월,4호선,서울역(426),1272
2013,4,30,2,화,4호선,서울역(426),1414
2013,5,1,3,수,4호선,서울역(426),1178
2013,5,2,4,목,4호선,서울역(426),1276
2013,5,3,5,금,4호선,서울역(426),1380
2013,5,4,6,토,4호선,서울역(426),1687
2013,5,5,7,일,4호선,서울역(426),1059
2013,5,6,1,월,4호선,서울역(426),1225
2013,5,7,2,화,4호선,서울역(426),1276
2013,5,8,3,수,4호선,서울역(426),1355
2013,5,9,4,목,4호선,서울역(426),1262
2013,5,10,5,금,4호선,서울역(426),1277
2013,5,11,6,토,4호선,서울역(426),1853
2013,5,12,7,일,4호선,서울역(426),1263
2013,5,13,1,월,4호선,서울역(426),1303
2013,5,14,2,화,4호선,서울역(426),1279
2013,5,15,3,수,4호선,서울역(426),1344
2013,5,16,4,목,4호선,서울역(426),1409
2013,5,17,5,공,4호선,서울역(426),1690
2013,5,18,6,토,4호선,서울역(426),1421
2013,5,19,7,일,4호선,서울역(426),1142
2013,5,20,1,월,4호선,서울역(426),1321
2013,5,21,2,화,4호선,서울역(426),1348
2013,5,22,3,수,4호선,서울역(426),1344
2013,5,23,4,목,4호선,서울역(426),1308
2013,5,24,5,금,4호선,서울역(426),1379
2013,5,25,6,토,4호선,서울역(426),1803
2013,5,26,7,일,4호선,서울역(426),1106
2013,5,27,1,월,4호선,서울역(426),1250
2013,5,28,2,화,4호선,서울역(426),1312
2013,5,29,3,수,4호선,서울역(426),1234
2013,5,30,4,목,4호선,서울역(426),1219
2013,5,31,5,금,4호선,서울역(426),936
2013,6,1,6,토,4호선,서울역(426),1500
2013,6,2,7,일,4호선,서울역(426),1058
2013,6,3,1,월,4호선,서울역(426),1170
2013,6,4,2,화,4호선,서울역(426),1282
2013,6,5,3,수,4호선,서울역(426),1275
2013,6,6,4,공,4호선,서울역(426),1474
2013,6,7,5,금,4호선,서울역(426),1296
2013,6,8,6,토,4호선,서울역(426),1496
2013,6,9,7,일,4호선,서울역(426),1035
2013,6,10,1,월,4호선,서울역(426),1283
2013,6,11,2,화,4호선,서울역(426),1360
2013,6,12,3,수,4호선,서울역(426),1375
2013,6,13,4,목,4호선,서울역(426),1341
2013,6,14,5,금,4호선,서울역(426),1266
2013,6,15,6,토,4호선,서울역(426),1468
2013,6,16,7,일,4호선,서울역(426),1034
2013,6,17,1,월,4호선,서울역(426),1350
2013,6,18,2,화,4호선,서울역(426),775
2013,6,19,3,수,4호선,서울역(426),1229
2013,6,20,4,목,4호선,서울역(426),1233
2013,6,21,5,금,4호선,서울역(426),1347
2013,6,22,6,토,4호선,서울역(426),1607
2013,6,23,7,일,4호선,서울역(426),1043
2013,6,24,1,월,4호선,서울역(426),1342
2013,6,25,2,화,4호선,서울역(426),1277
2013,6,26,3,수,4호선,서울역(426),1298
2013,6,27,4,목,4호선,서울역(426),1327
2013,6,28,5,금,4호선,서울역(426),1339
2013,6,29,6,토,4호선,서울역(426),1433
2013,6,30,7,일,4호선,서울역(426),1049
2013,7,1,1,월,4호선,서울역(426),1185
2013,7,2,2,화,4호선,서울역(426),1153
2013,7,3,3,수,4호선,서울역(426),1229
2013,7,4,4,목,4호선,서울역(426),1148
2013,7,5,5,금,4호선,서울역(426),1260
2013,7,6,6,토,4호선,서울역(426),1302
2013,7,7,7,일,4호선,서울역(426),983
2013,7,8,1,월,4호선,서울역(426),1190
2013,7,9,2,화,4호선,서울역(426),1170
2013,7,10,3,수,4호선,서울역(426),1160
2013,7,11,4,목,4호선,서울역(426),1116
2013,7,12,5,금,4호선,서울역(426),1244
2013,7,13,6,토,4호선,서울역(426),1260
2013,7,14,7,일,4호선,서울역(426),944
2013,7,15,1,월,4호선,서울역(426),1199
2013,7,16,2,화,4호선,서울역(426),1246
2013,7,17,3,수,4호선,서울역(426),1144
2013,7,18,4,목,4호선,서울역(426),1222
2013,7,19,5,금,4호선,서울역(426),1283
2013,7,20,6,토,4호선,서울역(426),1352
2013,7,21,7,일,4호선,서울역(426),925
2013,7,22,1,월,4호선,서울역(426),1165
2013,7,23,2,화,4호선,서울역(426),1206
2013,7,24,3,수,4호선,서울역(426),1309
2013,7,25,4,목,4호선,서울역(426),1444
2013,7,26,5,금,4호선,서울역(426),1322
2013,7,27,6,토,4호선,서울역(426),1552
2013,7,28,7,일,4호선,서울역(426),986
2013,7,29,1,월,4호선,서울역(426),1412
2013,7,30,2,화,4호선,서울역(426),1289
2013,7,31,3,수,4호선,서울역(426),1253
2013,8,1,4,목,4호선,서울역(426),1573
2013,8,2,5,금,4호선,서울역(426),1467
2013,8,3,6,토,4호선,서울역(426),1462
2013,8,4,7,일,4호선,서울역(426),967
2013,8,5,1,월,4호선,서울역(426),1411
2013,8,6,2,화,4호선,서울역(426),1337
2013,8,7,3,수,4호선,서울역(426),1339
2013,8,8,4,목,4호선,서울역(426),1387
2013,8,9,5,금,4호선,서울역(426),1238
2013,8,10,6,토,4호선,서울역(426),1450
2013,8,11,7,일,4호선,서울역(426),1068
2013,8,12,1,월,4호선,서울역(426),1326
2013,8,13,2,화,4호선,서울역(426),1420
2013,8,14,3,수,4호선,서울역(426),1416
2013,8,15,4,공,4호선,서울역(426),1258
2013,8,16,5,금,4호선,서울역(426),1310
2013,8,17,6,토,4호선,서울역(426),1341
2013,8,18,7,일,4호선,서울역(426),946
2013,8,19,1,월,4호선,서울역(426),1308
2013,8,20,2,화,4호선,서울역(426),1250
2013,8,21,3,수,4호선,서울역(426),1273
2013,8,22,4,목,4호선,서울역(426),1217
2013,8,23,5,금,4호선,서울역(426),1298
2013,8,24,6,토,4호선,서울역(426),1309
2013,8,25,7,일,4호선,서울역(426),922
2013,8,26,1,월,4호선,서울역(426),1222
2013,8,27,2,화,4호선,서울역(426),1385
2013,8,28,3,수,4호선,서울역(426),1301
2013,8,29,4,목,4호선,서울역(426),1096
2013,8,30,5,금,4호선,서울역(426),1354
2013,8,31,6,토,4호선,서울역(426),1292
2013,9,1,7,일,4호선,서울역(426),1048
2013,9,2,1,월,4호선,서울역(426),1240
2013,9,3,2,화,4호선,서울역(426),1238
2013,9,4,3,수,4호선,서울역(426),1292
2013,9,5,4,목,4호선,서울역(426),1257
2013,9,6,5,금,4호선,서울역(426),1384
2013,9,7,6,토,4호선,서울역(426),1377
2013,9,8,7,일,4호선,서울역(426),1064
2013,9,9,1,월,4호선,서울역(426),1162
2013,9,10,2,화,4호선,서울역(426),1199
2013,9,11,3,수,4호선,서울역(426),1216
2013,9,12,4,목,4호선,서울역(426),1270
2013,9,13,5,금,4호선,서울역(426),1133
2013,9,14,6,토,4호선,서울역(426),1280
2013,9,15,7,일,4호선,서울역(426),1076
2013,9,16,1,월,4호선,서울역(426),1241
2013,9,17,2,화,4호선,서울역(426),1297
2013,9,18,3,공,4호선,서울역(426),1157
2013,9,19,4,공,4호선,서울역(426),947
2013,9,20,5,공,4호선,서울역(426),1047
2013,9,21,6,토,4호선,서울역(426),1023
2013,9,22,7,일,4호선,서울역(426),888
2013,9,23,1,월,4호선,서울역(426),1123
2013,9,24,2,화,4호선,서울역(426),1269
2013,9,25,3,수,4호선,서울역(426),1255
2013,9,26,4,목,4호선,서울역(426),1307
2013,9,27,5,금,4호선,서울역(426),1357
2013,9,28,6,토,4호선,서울역(426),1437
2013,9,29,7,일,4호선,서울역(426),1025
2013,9,30,1,월,4호선,서울역(426),1324
2013,10,1,2,화,4호선,서울역(426),1353
2013,10,2,3,수,4호선,서울역(426),1254
2013,10,3,4,공,4호선,서울역(426),1364
2013,10,4,5,금,4호선,서울역(426),1387
2013,10,5,6,토,4호선,서울역(426),1725
2013,10,6,7,일,4호선,서울역(426),1115
2013,10,7,1,월,4호선,서울역(426),1164
2013,10,8,2,화,4호선,서울역(426),1203
2013,10,9,3,공,4호선,서울역(426),1143
2013,10,10,4,목,4호선,서울역(426),1253
2013,10,11,5,금,4호선,서울역(426),1226
2013,10,12,6,토,4호선,서울역(426),1551
2013,10,13,7,일,4호선,서울역(426),1216
2013,10,14,1,월,4호선,서울역(426),1332
2013,10,15,2,화,4호선,서울역(426),1226
2013,10,16,3,수,4호선,서울역(426),1408
2013,10,17,4,목,4호선,서울역(426),1308
2013,10,18,5,금,4호선,서울역(426),1368
2013,10,19,6,토,4호선,서울역(426),1757
2013,10,20,7,일,4호선,서울역(426),1148
2013,10,21,1,월,4호선,서울역(426),1388
2013,10,22,2,화,4호선,서울역(426),1240
2013,10,23,3,수,4호선,서울역(426),1208
2013,10,24,4,목,4호선,서울역(426),1339
2013,10,25,5,금,4호선,서울역(426),1307
2013,10,26,6,토,4호선,서울역(426),1562
2013,10,27,7,일,4호선,서울역(426),1019
2013,10,28,1,월,4호선,서울역(426),1339
2013,10,29,2,화,4호선,서울역(426),1249
2013,10,30,3,수,4호선,서울역(426),1236
2013,10,31,4,목,4호선,서울역(426),1191
2013,11,1,5,금,4호선,서울역(426),1319
2013,11,2,6,토,4호선,서울역(426),1298
2013,11,3,7,일,4호선,서울역(426),1108
2013,11,4,1,월,4호선,서울역(426),1230
2013,11,5,2,화,4호선,서울역(426),1272
2013,11,6,3,수,4호선,서울역(426),1283
2013,11,7,4,목,4호선,서울역(426),1291
2013,11,8,5,금,4호선,서울역(426),1468
2013,11,9,6,토,4호선,서울역(426),1738
2013,11,10,7,일,4호선,서울역(426),1164
2013,11,11,1,월,4호선,서울역(426),1222
2013,11,12,2,화,4호선,서울역(426),1206
2013,11,13,3,수,4호선,서울역(426),1243
2013,11,14,4,목,4호선,서울역(426),1300
2013,11,15,5,금,4호선,서울역(426),1331
2013,11,16,6,토,4호선,서울역(426),1615
2013,11,17,7,일,4호선,서울역(426),1273
2013,11,18,1,월,4호선,서울역(426),1209
2013,11,19,2,화,4호선,서울역(426),1251
2013,11,20,3,수,4호선,서울역(426),1301
2013,11,21,4,목,4호선,서울역(426),1190
2013,11,22,5,금,4호선,서울역(426),1395
2013,11,23,6,토,4호선,서울역(426),1542
2013,11,24,7,일,4호선,서울역(426),1033
2013,11,25,1,월,4호선,서울역(426),1253
2013,11,26,2,화,4호선,서울역(426),1223
2013,11,27,3,수,4호선,서울역(426),1331
2013,11,28,4,목,4호선,서울역(426),1202
2013,11,29,5,금,4호선,서울역(426),1409
2013,11,30,6,토,4호선,서울역(426),1369
2013,12,1,7,일,4호선,서울역(426),1065
2013,12,2,1,월,4호선,서울역(426),1201
2013,12,3,2,화,4호선,서울역(426),1247
2013,12,4,3,수,4호선,서울역(426),1289
2013,12,5,4,목,4호선,서울역(426),1285
2013,12,6,5,금,4호선,서울역(426),1331
2013,12,7,6,토,4호선,서울역(426),1422
2013,12,8,7,일,4호선,서울역(426),1151
2013,12,9,1,월,4호선,서울역(426),1315
2013,12,10,2,화,4호선,서울역(426),1244
2013,12,11,3,수,4호선,서울역(426),1310
2013,12,12,4,목,4호선,서울역(426),1383
2013,12,13,5,금,4호선,서울역(426),1636
2013,12,14,6,토,4호선,서울역(426),1535
2013,12,15,7,일,4호선,서울역(426),1074
2013,12,16,1,월,4호선,서울역(426),1313
2013,12,17,2,화,4호선,서울역(426),1306
2013,12,18,3,수,4호선,서울역(426),1325
2013,12,19,4,목,4호선,서울역(426),1348
2013,12,20,5,금,4호선,서울역(426),1476
2013,12,21,6,토,4호선,서울역(426),1423
2013,12,22,7,일,4호선,서울역(426),1118
2013,12,23,1,월,4호선,서울역(426),1427
2013,12,24,2,화,4호선,서울역(426),1345
2013,12,25,3,공,4호선,서울역(426),1126
2013,12,26,4,목,4호선,서울역(426),1294
2013,12,27,5,금,4호선,서울역(426),1419
2013,12,28,6,토,4호선,서울역(426),1389
2013,12,29,7,일,4호선,서울역(426),1000
2013,12,30,1,월,4호선,서울역(426),1358
2013,12,31,2,화,4호선,서울역(426),1363
2014,1,1,3,공,4호선,서울역(426),787
2014,1,2,4,목,4호선,서울역(426),1160
2014,1,3,5,금,4호선,서울역(426),1218
2014,1,4,6,토,4호선,서울역(426),1250
2014,1,5,7,일,4호선,서울역(426),852
2014,1,6,1,월,4호선,서울역(426),1131
2014,1,7,2,화,4호선,서울역(426),1292
2014,1,8,3,수,4호선,서울역(426),1355
2014,1,9,4,목,4호선,서울역(426),1162
2014,1,10,5,금,4호선,서울역(426),1249
2014,1,11,6,토,4호선,서울역(426),1500
2014,1,12,7,일,4호선,서울역(426),912
2014,1,13,1,월,4호선,서울역(426),1240
2014,1,14,2,화,4호선,서울역(426),1254
2014,1,15,3,수,4호선,서울역(426),1405
2014,1,16,4,목,4호선,서울역(426),1285
2014,1,17,5,금,4호선,서울역(426),1410
2014,1,18,6,토,4호선,서울역(426),1391
2014,1,19,7,일,4호선,서울역(426),1023
2014,1,20,1,월,4호선,서울역(426),1363
2014,1,21,2,화,4호선,서울역(426),1328
2014,1,22,3,수,4호선,서울역(426),1306
2014,1,23,4,목,4호선,서울역(426),1291
2014,1,24,5,금,4호선,서울역(426),1422
2014,1,25,6,토,4호선,서울역(426),1311
2014,1,26,7,일,4호선,서울역(426),967
2014,1,27,1,월,4호선,서울역(426),1371
2014,1,28,2,화,4호선,서울역(426),1314
2014,1,29,3,수,4호선,서울역(426),1239
2014,1,30,4,공,4호선,서울역(426),921
2014,1,31,5,공,4호선,서울역(426),823
2014,2,1,6,공,4호선,서울역(426),763
2014,2,2,7,일,4호선,서울역(426),864
2014,2,3,1,월,4호선,서울역(426),1228
2014,2,4,2,화,4호선,서울역(426),1172
2014,2,5,3,수,4호선,서울역(426),1233
2014,2,6,4,목,4호선,서울역(426),1198
2014,2,7,5,금,4호선,서울역(426),1325
2014,2,8,6,토,4호선,서울역(426),1401
2014,2,9,7,일,4호선,서울역(426),987
2014,2,10,1,월,4호선,서울역(426),1299
2014,2,11,2,화,4호선,서울역(426),1203
2014,2,12,3,수,4호선,서울역(426),1292
2014,2,13,4,목,4호선,서울역(426),1269
2014,2,14,5,금,4호선,서울역(426),1201
2014,2,15,6,토,4호선,서울역(426),1573
2014,2,16,7,일,4호선,서울역(426),1070
2014,2,17,1,월,4호선,서울역(426),1327
2014,2,18,2,화,4호선,서울역(426),1323
2014,2,19,3,수,4호선,서울역(426),1413
2014,2,20,4,목,4호선,서울역(426),1449
2014,2,21,5,금,4호선,서울역(426),1409
2014,2,22,6,토,4호선,서울역(426),1417
2014,2,23,7,일,4호선,서울역(426),1051
2014,2,24,1,월,4호선,서울역(426),1328
2014,2,25,2,화,4호선,서울역(426),1447
2014,2,26,3,수,4호선,서울역(426),1309
2014,2,27,4,목,4호선,서울역(426),1450
2014,2,28,5,금,4호선,서울역(426),1434
2014,3,1,6,토,4호선,서울역(426),1425
2014,3,2,7,공,4호선,서울역(426),988
2014,3,3,1,월,4호선,서울역(426),1235
2014,3,4,2,화,4호선,서울역(426),1208
2014,3,5,3,수,4호선,서울역(426),1179
2014,3,6,4,목,4호선,서울역(426),1249
2014,3,7,5,금,4호선,서울역(426),1274
2014,3,8,6,토,4호선,서울역(426),1398
2014,3,9,7,일,4호선,서울역(426),986
2014,3,10,1,월,4호선,서울역(426),1259
2014,3,11,2,화,4호선,서울역(426),1337
2014,3,12,3,수,4호선,서울역(426),1334
2014,3,13,4,목,4호선,서울역(426),1189
2014,3,14,5,금,4호선,서울역(426),1341
2014,3,15,6,토,4호선,서울역(426),1393
2014,3,16,7,일,4호선,서울역(426),978
2014,3,17,1,월,4호선,서울역(426),1190
2014,3,18,2,화,4호선,서울역(426),1214
2014,3,19,3,수,4호선,서울역(426),1257
2014,3,20,4,목,4호선,서울역(426),1256
2014,3,21,5,금,4호선,서울역(426),1247
2014,3,22,6,토,4호선,서울역(426),1545
2014,3,23,7,일,4호선,서울역(426),1013
2014,3,24,1,월,4호선,서울역(426),1353
2014,3,25,2,화,4호선,서울역(426),1246
2014,3,26,3,수,4호선,서울역(426),1325
2014,3,27,4,목,4호선,서울역(426),1274
2014,3,28,5,금,4호선,서울역(426),1312
2014,3,29,6,토,4호선,서울역(426),1458
2014,3,30,7,일,4호선,서울역(426),1076
2014,3,31,1,월,4호선,서울역(426),1224
2014,4,1,2,화,4호선,서울역(426),1179
2014,4,2,3,수,4호선,서울역(426),1220
2014,4,3,4,목,4호선,서울역(426),1113
2014,4,4,5,금,4호선,서울역(426),1261
2014,4,5,6,토,4호선,서울역(426),1519
2014,4,6,7,일,4호선,서울역(426),1042
2014,4,7,1,월,4호선,서울역(426),1157
2014,4,8,2,화,4호선,서울역(426),1167
2014,4,9,3,수,4호선,서울역(426),1309
2014,4,10,4,목,4호선,서울역(426),1209
2014,4,11,5,금,4호선,서울역(426),1250
2014,4,12,6,토,4호선,서울역(426),1521
2014,4,13,7,일,4호선,서울역(426),1092
2014,4,14,1,월,4호선,서울역(426),1298
2014,4,15,2,화,4호선,서울역(426),1317
2014,4,16,3,수,4호선,서울역(426),1252
2014,4,17,4,목,4호선,서울역(426),1191
2014,4,18,5,금,4호선,서울역(426),1250
2014,4,19,6,토,4호선,서울역(426),1411
2014,4,20,7,일,4호선,서울역(426),1014
2014,4,21,1,월,4호선,서울역(426),1260
2014,4,22,2,화,4호선,서울역(426),1300
2014,4,23,3,수,4호선,서울역(426),1210
2014,4,24,4,목,4호선,서울역(426),1228
2014,4,25,5,금,4호선,서울역(426),1311
2014,4,26,6,토,4호선,서울역(426),1454
2014,4,27,7,일,4호선,서울역(426),957
2014,4,28,1,월,4호선,서울역(426),1281
2014,4,29,2,화,4호선,서울역(426),1104
2014,4,30,3,수,4호선,서울역(426),1184
2014,5,1,4,목,4호선,서울역(426),1237
2014,5,2,5,금,4호선,서울역(426),1286
2014,5,3,6,토,4호선,서울역(426),1592
2014,5,4,7,일,4호선,서울역(426),1179
2014,5,5,1,공,4호선,서울역(426),1310
2014,5,6,2,공,4호선,서울역(426),1092
2014,5,7,3,수,4호선,서울역(426),1199
2014,5,8,4,목,4호선,서울역(426),1174
2014,5,9,5,금,4호선,서울역(426),1267
2014,5,10,6,토,4호선,서울역(426),1465
2014,5,11,7,일,4호선,서울역(426),1026
2014,5,12,1,월,4호선,서울역(426),1258
2014,5,13,2,화,4호선,서울역(426),1240
2014,5,14,3,수,4호선,서울역(426),1288
2014,5,15,4,목,4호선,서울역(426),1411
2014,5,16,5,금,4호선,서울역(426),1397
2014,5,17,6,토,4호선,서울역(426),1477
2014,5,18,7,일,4호선,서울역(426),1154
2014,5,19,1,월,4호선,서울역(426),1238
2014,5,20,2,화,4호선,서울역(426),1192
2014,5,21,3,수,4호선,서울역(426),1317
2014,5,22,4,목,4호선,서울역(426),1171
2014,5,23,5,금,4호선,서울역(426),1263
2014,5,24,6,토,4호선,서울역(426),1584
2014,5,25,7,일,4호선,서울역(426),1039
2014,5,26,1,월,4호선,서울역(426),1384
2014,5,27,2,화,4호선,서울역(426),1215
2014,5,28,3,수,4호선,서울역(426),1258
2014,5,29,4,목,4호선,서울역(426),1283
2014,5,30,5,금,4호선,서울역(426),1297
2014,5,31,6,토,4호선,서울역(426),1458
2014,6,1,7,일,4호선,서울역(426),959
2014,6,2,1,월,4호선,서울역(426),1150
2014,6,3,2,화,4호선,서울역(426),1215
2014,6,4,3,공,4호선,서울역(426),1162
2014,6,5,4,목,4호선,서울역(426),1299
2014,6,6,5,공,4호선,서울역(426),1600
2014,6,7,6,토,4호선,서울역(426),1139
2014,6,8,7,일,4호선,서울역(426),953
2014,6,9,1,월,4호선,서울역(426),1361
2014,6,10,2,화,4호선,서울역(426),1194
2014,6,11,3,수,4호선,서울역(426),1250
2014,6,12,4,목,4호선,서울역(426),1276
2014,6,13,5,금,4호선,서울역(426),1376
2014,6,14,6,토,4호선,서울역(426),1491
2014,6,15,7,일,4호선,서울역(426),972
2014,6,16,1,월,4호선,서울역(426),1328
2014,6,17,2,화,4호선,서울역(426),1151
2014,6,18,3,수,4호선,서울역(426),1197
2014,6,19,4,목,4호선,서울역(426),1297
2014,6,20,5,금,4호선,서울역(426),1315
2014,6,21,6,토,4호선,서울역(426),1415
2014,6,22,7,일,4호선,서울역(426),992
2014,6,23,1,월,4호선,서울역(426),1331
2014,6,24,2,화,4호선,서울역(426),1362
2014,6,25,3,수,4호선,서울역(426),1229
2014,6,26,4,목,4호선,서울역(426),1273
2014,6,27,5,금,4호선,서울역(426),1292
2014,6,28,6,토,4호선,서울역(426),1514
2014,6,29,7,일,4호선,서울역(426),996
2014,6,30,1,월,4호선,서울역(426),1315
2014,7,1,2,화,4호선,서울역(426),1077
2014,7,2,3,수,4호선,서울역(426),1118
2014,7,3,4,목,4호선,서울역(426),1107
2014,7,4,5,금,4호선,서울역(426),1310
2014,7,5,6,토,4호선,서울역(426),1383
2014,7,6,7,일,4호선,서울역(426),948
2014,7,7,1,월,4호선,서울역(426),1132
2014,7,8,2,화,4호선,서울역(426),1211
2014,7,9,3,수,4호선,서울역(426),1215
2014,7,10,4,목,4호선,서울역(426),1265
2014,7,11,5,금,4호선,서울역(426),1302
2014,7,12,6,토,4호선,서울역(426),1434
2014,7,13,7,일,4호선,서울역(426),908
2014,7,14,1,월,4호선,서울역(426),1305
2014,7,15,2,화,4호선,서울역(426),1262
2014,7,16,3,수,4호선,서울역(426),1312
2014,7,17,4,목,4호선,서울역(426),1201
2014,7,18,5,금,4호선,서울역(426),1241
2014,7,19,6,토,4호선,서울역(426),1353
2014,7,20,7,일,4호선,서울역(426),1017
2014,7,21,1,월,4호선,서울역(426),1322
2014,7,22,2,화,4호선,서울역(426),1201
2014,7,23,3,수,4호선,서울역(426),1223
2014,7,24,4,목,4호선,서울역(426),1306
2014,7,25,5,금,4호선,서울역(426),1420
2014,7,26,6,토,4호선,서울역(426),1385
2014,7,27,7,일,4호선,서울역(426),1057
2014,7,28,1,월,4호선,서울역(426),1467
2014,7,29,2,화,4호선,서울역(426),1425
2014,7,30,3,수,4호선,서울역(426),1654
2014,7,31,4,목,4호선,서울역(426),1388
2014,8,1,5,금,4호선,서울역(426),1556
2014,8,2,6,토,4호선,서울역(426),1439
2014,8,3,7,일,4호선,서울역(426),992
2014,8,4,1,월,4호선,서울역(426),1431
2014,8,5,2,화,4호선,서울역(426),1343
2014,8,6,3,수,4호선,서울역(426),1365
2014,8,7,4,목,4호선,서울역(426),1215
2014,8,8,5,금,4호선,서울역(426),1493
2014,8,9,6,토,4호선,서울역(426),1446
2014,8,10,7,일,4호선,서울역(426),1124
2014,8,11,1,월,4호선,서울역(426),1455
2014,8,12,2,화,4호선,서울역(426),1485
2014,8,13,3,수,4호선,서울역(426),1530
2014,8,14,4,목,4호선,서울역(426),1496
2014,8,15,5,공,4호선,서울역(426),1456
2014,8,16,6,토,4호선,서울역(426),1692
2014,8,17,7,일,4호선,서울역(426),981
2014,8,18,1,월,4호선,서울역(426),1357
2014,8,19,2,화,4호선,서울역(426),1316
2014,8,20,3,수,4호선,서울역(426),1366
2014,8,21,4,목,4호선,서울역(426),1240
2014,8,22,5,금,4호선,서울역(426),1331
2014,8,23,6,토,4호선,서울역(426),1513
2014,8,24,7,일,4호선,서울역(426),1144
2014,8,25,1,월,4호선,서울역(426),1286
2014,8,26,2,화,4호선,서울역(426),1169
2014,8,27,3,수,4호선,서울역(426),1344
2014,8,28,4,목,4호선,서울역(426),1251
2014,8,29,5,금,4호선,서울역(426),1368
2014,8,30,6,토,4호선,서울역(426),1481
2014,8,31,7,일,4호선,서울역(426),1045
2014,9,1,1,월,4호선,서울역(426),1262
2014,9,2,2,화,4호선,서울역(426),1201
2014,9,3,3,수,4호선,서울역(426),1154
2014,9,4,4,목,4호선,서울역(426),1270
2014,9,5,5,금,4호선,서울역(426),1310
2014,9,6,6,토,4호선,서울역(426),1077
2014,9,7,7,일,4호선,서울역(426),999
2014,9,8,1,공,4호선,서울역(426),1032
2014,9,9,2,공,4호선,서울역(426),957
2014,9,10,3,공,4호선,서울역(426),1042
2014,9,11,4,목,4호선,서울역(426),1138
2014,9,12,5,금,4호선,서울역(426),1151
2014,9,13,6,토,4호선,서울역(426),1729
2014,9,14,7,일,4호선,서울역(426),1025
2014,9,15,1,월,4호선,서울역(426),1234
2014,9,16,2,화,4호선,서울역(426),1235
2014,9,17,3,수,4호선,서울역(426),1353
2014,9,18,4,목,4호선,서울역(426),1206
2014,9,19,5,금,4호선,서울역(426),1440
2014,9,20,6,토,4호선,서울역(426),1472
2014,9,21,7,일,4호선,서울역(426),1179
2014,9,22,1,월,4호선,서울역(426),1224
2014,9,23,2,화,4호선,서울역(426),1176
2014,9,24,3,수,4호선,서울역(426),1167
2014,9,25,4,목,4호선,서울역(426),1308
2014,9,26,5,금,4호선,서울역(426),1273
2014,9,27,6,토,4호선,서울역(426),1547
2014,9,28,7,일,4호선,서울역(426),1199
2014,9,29,1,월,4호선,서울역(426),1340
2014,9,30,2,화,4호선,서울역(426),1233
2014,10,1,3,수,4호선,서울역(426),1228
2014,10,2,4,목,4호선,서울역(426),1283
2014,10,3,5,공,4호선,서울역(426),1495
2014,10,4,6,토,4호선,서울역(426),1488
2014,10,5,7,일,4호선,서울역(426),1160
2014,10,6,1,월,4호선,서울역(426),1306
2014,10,7,2,화,4호선,서울역(426),1361
2014,10,8,3,수,4호선,서울역(426),1159
2014,10,9,4,공,4호선,서울역(426),1077
2014,10,10,5,금,4호선,서울역(426),1285
2014,10,11,6,토,4호선,서울역(426),1424
2014,10,12,7,일,4호선,서울역(426),1203
2014,10,13,1,월,4호선,서울역(426),1261
2014,10,14,2,화,4호선,서울역(426),1352
2014,10,15,3,수,4호선,서울역(426),1306
2014,10,16,4,목,4호선,서울역(426),1268
2014,10,17,5,금,4호선,서울역(426),1348
2014,10,18,6,토,4호선,서울역(426),1375
2014,10,19,7,일,4호선,서울역(426),1143
2014,10,20,1,월,4호선,서울역(426),1211
2014,10,21,2,화,4호선,서울역(426),1221
2014,10,22,3,수,4호선,서울역(426),1134
2014,10,23,4,목,4호선,서울역(426),1245
2014,10,24,5,금,4호선,서울역(426),1315
2014,10,25,6,토,4호선,서울역(426),1554
2014,10,26,7,일,4호선,서울역(426),1043
2014,10,27,1,월,4호선,서울역(426),1270
2014,10,28,2,화,4호선,서울역(426),1205
2014,10,29,3,수,4호선,서울역(426),1270
2014,10,30,4,목,4호선,서울역(426),1268
2014,10,31,5,금,4호선,서울역(426),1245
2014,11,1,6,토,4호선,서울역(426),1403
2014,11,2,7,일,4호선,서울역(426),983
2014,11,3,1,월,4호선,서울역(426),1259
2014,11,4,2,화,4호선,서울역(426),1139
2014,11,5,3,수,4호선,서울역(426),1205
2014,11,6,4,목,4호선,서울역(426),1212
2014,11,7,5,금,4호선,서울역(426),1329
2014,11,8,6,토,4호선,서울역(426),1448
2014,11,9,7,일,4호선,서울역(426),1049
2014,11,10,1,월,4호선,서울역(426),1256
2014,11,11,2,화,4호선,서울역(426),1241
2014,11,12,3,수,4호선,서울역(426),1267
2014,11,13,4,목,4호선,서울역(426),1225
2014,11,14,5,금,4호선,서울역(426),1299
2014,11,15,6,토,4호선,서울역(426),1571
2014,11,16,7,일,4호선,서울역(426),953
2014,11,17,1,월,4호선,서울역(426),1241
2014,11,18,2,화,4호선,서울역(426),1219
2014,11,19,3,수,4호선,서울역(426),1226
2014,11,20,4,목,4호선,서울역(426),1305
2014,11,21,5,금,4호선,서울역(426),1254
2014,11,22,6,토,4호선,서울역(426),1490
2014,11,23,7,일,4호선,서울역(426),1001
2014,11,24,1,월,4호선,서울역(426),1319
2014,11,25,2,화,4호선,서울역(426),1163
2014,11,26,3,수,4호선,서울역(426),1225
2014,11,27,4,목,4호선,서울역(426),1359
2014,11,28,5,금,4호선,서울역(426),1403
2014,11,29,6,토,4호선,서울역(426),1394
2014,11,30,7,일,4호선,서울역(426),895
2014,12,1,1,월,4호선,서울역(426),1293
2014,12,2,2,화,4호선,서울역(426),1181
2014,12,3,3,수,4호선,서울역(426),1287
2014,12,4,4,목,4호선,서울역(426),1314
2014,12,5,5,금,4호선,서울역(426),1262
2014,12,6,6,토,4호선,서울역(426),1312
2014,12,7,7,일,4호선,서울역(426),1038
2014,12,8,1,월,4호선,서울역(426),1285
2014,12,9,2,화,4호선,서울역(426),1292
2014,12,10,3,수,4호선,서울역(426),1196
2014,12,11,4,목,4호선,서울역(426),1303
2014,12,12,5,금,4호선,서울역(426),1362
2014,12,13,6,토,4호선,서울역(426),1420
2014,12,14,7,일,4호선,서울역(426),1035
2014,12,15,1,월,4호선,서울역(426),1351
2014,12,16,2,화,4호선,서울역(426),1339
2014,12,17,3,수,4호선,서울역(426),1198
2014,12,18,4,목,4호선,서울역(426),1201
2014,12,19,5,금,4호선,서울역(426),1405
2014,12,20,6,토,4호선,서울역(426),1482
2014,12,21,7,일,4호선,서울역(426),1028
2014,12,22,1,월,4호선,서울역(426),1419
2014,12,23,2,화,4호선,서울역(426),1423
2014,12,24,3,수,4호선,서울역(426),1266
2014,12,25,4,공,4호선,서울역(426),945
2014,12,26,5,금,4호선,서울역(426),1282
2014,12,27,6,토,4호선,서울역(426),1532
2014,12,28,7,일,4호선,서울역(426),1146
2014,12,29,1,월,4호선,서울역(426),1413
2014,12,30,2,화,4호선,서울역(426),1331
2014,12,31,3,수,4호선,서울역(426),1251
